    succ_sum = [0, 1, 5,10, 9, 6, 3, 8, 8, 9, 3, 8, 2, 8, 8,16, 6, 3, 3, 4, 2, 1, 1, 2, 0];
    fail_sum = [0, 0, 0, 0, 0, 0, 0, 0, 0, 0, 0, 0, 0, 0, 0, 0, 0, 0, 0, 0, 0, 0, 0, 0, 0];
    bett_sum = [1, 0, 0, 0, 0, 0, 0, 0, 0, 0, 0, 0, 0, 0, 0, 0, 0, 0, 0, 0, 0, 0, 0, 0, 0];
    
    
succ_sum = succ_sum + [2,27,53,66,92,89,103,116,123,98,120,114,117,108,114,99,68,75,63,51,41,55,34,32,0];
fail_sum = fail_sum + [2, 1, 1, 0, 0, 0, 0, 0, 0, 0, 0, 0, 0, 0, 0, 0, 0, 0, 0, 0, 0, 0, 1, 0, 0];
bett_sum = bett_sum + [0, 3, 1, 0, 0, 0, 0, 0, 0, 0, 0, 0, 0, 0, 0, 0, 0, 0, 0, 0, 0, 0, 0, 0, 0];


succ_sum = succ_sum + [0, 0, 1, 5, 2, 6, 3, 3, 3, 8, 5, 8, 4, 4, 7, 4, 3, 5, 1, 1, 1, 0, 1, 2, 3]
fail_sum = fail_sum + [1, 1, 0, 0, 0, 0, 0, 0, 0, 0, 0, 0, 0, 0, 0, 0, 0, 0, 0, 0, 0, 0, 0, 0, 0]
bett_sum = bett_sum + [0, 1, 0, 0, 0, 0, 0, 0, 0, 0, 0, 0, 0, 0, 0, 0, 0, 0, 0, 0, 0, 0, 0, 0, 0]

succ_sum = succ_sum + [16,67,83,115,164,177,194,233,237,247,221,227,233,219,194,183,166,147,128,109,91,80,64,62,50]
fail_sum = fail_sum + [3, 2, 4, 0, 0, 0, 0, 0, 0, 0, 0, 2, 0, 0, 0, 0, 1, 0, 0, 1, 0, 0, 0, 0, 0]
bett_sum = bett_sum + [1, 4, 1, 0, 0, 0, 0, 0, 0, 0, 0, 0, 0, 0, 0, 0, 0, 0, 0, 0, 0, 0, 1, 0, 0]

(succ_sum + bett_sum)./(succ_sum + fail_sum + bett_sum)